29
46
101
104
167
202
218
247
338
345
369
488
533
544
585
671
685
711
734
751
831
847
859
866
872
963
1029
1034
1044
1049
1154
1201
1239
1267
1302
1307
1376
1392
1396
1555
1597
1602
1657
1687
1689
1710
1768
1802
1809
2000
2014
2029
2049
2072
2098
2106
2139
2373
2382
2392
2425
2469
2480
2495
2497
2503
2542
2562
2608
2628
2697
2716
2750
2827
2850
2854
2863
2888
2906
2931
2943
2952
2956
2971
3042
3047
3092
3114
3135
3149
3184
3196
3200
3240
3315
3407
3431
3458
3475
3488
3505
3532
3562
3564
3573
3606
3618
3678
3700
3710
3729
3791
3887
3889
3986
4036
4042
4050
4060
4073
4091
4098
4122
4146
4172
4173
4181
4195
4198
4202
4212
4292
4350
4375
4432
4547
4609
4678
4803
4818
4864
4865
4879
4943
4965
4987
5008
5137
5143
5164
5182
5224
5232
5246
5267
5270
5271
5274
5308
5309
5317
5425
5508
5509
5541
5578
5589
5616
5618
5680
5692
5749
5777
5825
5834
5859
5914
5961
6032
6042
6053
6061
6088
6185
6196
6210
6241
6259
6275
6355
6357
